35216149918009
101941086338824282091
103010453041332870912897866231
19854705751
640793796882635216889109
3070513744179043
185663099
12939941839603
1150190411
13833237919
221083477003
103332560393
2010269399
452771413436901064156959761731
14498034028859486404811
24529101869
769788564732038351538355313
630422810621527203951038207069
1381173038633
272535589
354713267
2691234520619012287
25648036882117849663
55278971967409462527991149165221
6063384571
289438288709279
1998381491
480732961043
1352739293
65463533004834494237501
1084329068567
136397126501
34458994065493
7791400145084732797531
2932788398935710857
534609293621956493
215715647197675013905980577
8917907108988765140923
7876142909
16346004857259996379
148097315329
11889959301439
3068137819
87464460832141249189
360625021321
9393125259861041
