1
1
1
1
1
1
1
1
1
1
1
1
1
1
1
1
1
1
1
1
1
1
1
1
1
1
1
1
1
1
1
1
1
1
1
1
1
1
1
1
1
1
1
1
1
1
1
1
1
1
1
1
1
1
1
1
1
1
1
1
1
1
1
1
1
1
1
1
1
1
1
1
1
1
1
1
1
1
1
1
1
1
1
1
1
1
1
1
1
1
1
1
1
1
1
1
1
1
1
1
1
1
1
1
1
1
1
1
1
1
1
1
1
1
1
1
1
1
1
1
1
1
1
1
1
1
1
1
1
1
1
1
1
1
1
1
1
1
1
1
1
1
1
1
1
1
1
1
1
1
1
1
1
1
1
1
1
1
1
1
1
1
1
1
1
1
1
1
1
1
1
1
1
1
1
1
1
1
1
1
1
1
1
1
1
1
1
1
1
1
1
1
1
1
196883
4371
275
782
53
-1
275
51
19
-13
133
8
78
77
14
-3
5
-1
50
1
35
11
-1
-5
3
-1
26
-1
21
5
-4
20
0
16
14
5
6
-1
-2
5
-3
13
1
-1
11
-2
10
2
9
7
-2
8
-1
3
-1
7
6
-3
6
2
-1
5
5
5
1
0
-3
2
4
5
-2
-1
4
4
0
3
3
2
2
-1
-2
-1
-1
-1
1
3
-1
3
3
2
2
2
2
2
-2
1
2
2
3
-1
2
-1
2
0
2
2
1
1
-2
1
2
0
1
2
-1
0
1
1
2
-1
1
1
-1
1
0
0
1
1
0
-1
0
0
0
1
-1
-1
1
1
0
0
0
1
0
-1
0
0
1
0
-1
-1
-1
0
0
1
-1
0
-2
0
-1
0
0
1
0
0
0
0
0
-1
0
0
0
-1
-1
-1
-2
-1
-1
-1
0
0
-1
-1
-1
-1
0
0
0
0
-1
-1
0
-1
-1
-1
21296876
91884
-2324
7889
-130
248
1772
-52
-20
12
626
1
273
286
-47
30
-2
-8
153
6
92
-12
0
4
-4
0
59
5
34
-14
9
41
1
29
17
-10
-7
8
1
-6
2
22
-2
0
16
3
9
-7
14
14
5
10
-2
-4
0
8
7
3
3
-5
1
7
4
2
-2
-3
2
-3
5
0
0
3
3
1
-3
3
3
-3
5
2
1
0
0
0
-2
2
0
1
0
3
2
2
-3
1
1
-2
1
-4
-2
-2
1
2
0
-2
0
0
2
-2
2
2
-1
3
1
-1
-1
-1
1
0
-2
1
0
0
0
-2
-1
-1
0
0
-1
-1
2
1
1
-1
-1
-1
-1
-1
1
1
-1
-1
1
0
-1
0
-1
1
0
0
1
0
0
-2
2
0
2
-1
0
0
0
-2
0
-1
0
0
-1
-1
0
0
0
0
0
0
1
1
1
1
-1
-1
1
1
0
0
-1
-1
-1
-1
0
0
0
1
0
0
842609326
1139374
12974
55912
-221
-248
8878
782
-82
78
2451
-49
1000
923
104
-53
-13
8
426
-15
222
54
26
6
-2
-6
130
-5
99
19
-1
79
-1
53
40
-5
8
-8
8
15
-1
35
-1
0
26
0
26
10
17
12
-6
14
2
6
2
10
8
1
10
2
-1
5
5
3
7
3
3
3
3
3
3
-3
3
5
5
2
2
0
0
-3
0
0
3
-1
3
1
0
1
2
0
1
1
-2
2
2
1
0
-2
0
4
-2
-2
2
2
0
0
0
0
-1
-1
0
1
0
-2
1
2
-1
1
-1
-1
0
0
1
-1
1
1
-1
-1
-1
1
-1
1
1
0
2
2
0
0
0
0
0
-1
-1
2
0
1
-2
-2
1
1
-1
0
0
-2
0
0
0
0
0
0
0
-1
-1
0
-1
-1
1
2
-1
-1
-1
0
0
1
1
-1
0
0
-1
-1
0
0
0
0
0
0
0
0
0
0
-2
0
1
1
18538750076
8507516
123004
249458
1598
248
28796
2652
380
156
6326
76
2354
1990
370
86
46
-8
798
14
364
132
0
20
12
0
194
5
166
54
16
104
4
66
50
14
42
8
2
30
6
38
2
0
28
2
38
14
14
8
8
13
-2
12
0
8
6
5
14
10
1
1
4
6
2
-4
6
6
0
6
-1
3
2
6
2
0
0
6
-2
4
2
0
0
0
2
0
0
1
4
-2
-1
-1
6
-2
2
2
0
5
4
0
0
2
1
1
0
0
-2
2
3
0
2
-2
-1
2
-1
0
-1
0
1
1
-1
-1
0
2
0
0
0
2
2
-1
-1
-2
-2
-1
0
0
0
0
-1
-1
0
1
0
0
0
-1
1
0
0
0
1
-1
-1
2
0
-1
3
0
0
0
0
0
-1
0
0
0
-2
-1
0
0
1
1
1
0
2
1
0
0
0
0
0
0
0
0
-1
-1
-1
-1
0
0
1
1
-1
-1
19360062527
9362495
-58305
297482
1508
-247
35903
-833
63
-65
8152
27
2378
2652
-246
-52
-12
9
1072
-6
511
-65
-25
-1
-1
7
266
-4
120
-40
-5
155
-5
91
74
20
-14
-7
-6
-20
4
60
0
1
39
0
16
-16
26
7
-2
18
3
-9
-1
15
8
2
2
-6
0
6
6
8
-8
3
0
-5
3
10
3
-2
3
-1
-5
0
0
-2
-2
-2
2
1
-2
2
-4
2
1
2
-1
0
-1
-1
0
0
0
-2
0
2
3
-1
2
-1
-2
-2
1
1
-1
-1
1
-2
0
-3
-1
2
2
-2
0
-2
3
0
0
0
0
0
-1
-1
0
-2
-1
2
-1
-1
-1
1
0
0
0
0
-1
-1
0
0
-1
-1
0
-1
1
0
0
0
0
0
0
1
-1
0
0
0
1
-1
-1
2
1
0
0
0
1
1
0
0
-1
0
0
0
1
0
0
0
1
1
0
0
1
1
1
1
1
1
1
1
0
-1
1
1
293553734298
53981850
98970
1055310
-3927
3876
94874
1274
-102
-454
17423
-77
5070
4785
78
129
-39
36
1700
-15
714
34
-26
-14
-22
6
339
-12
175
15
-25
175
-5
99
14
-31
14
20
-18
5
5
57
-3
-4
32
-7
20
4
25
35
8
13
1
2
-2
6
7
-6
3
3
0
6
0
-1
-1
-1
-9
1
3
-10
-3
5
0
-1
3
1
1
-2
6
3
-2
4
-3
1
1
-1
0
-2
0
1
0
0
0
-4
-4
1
0
-5
-5
3
0
1
-1
1
-2
-2
0
0
0
3
-1
0
0
-1
2
-1
0
0
-4
2
-1
-1
-1
-1
1
1
0
2
4
1
1
-1
-1
-1
1
1
-1
-1
0
0
2
0
1
0
1
0
-1
0
-1
-1
0
0
0
-1
-1
-1
-3
0
1
0
0
-1
0
-1
1
1
0
0
0
0
0
1
1
0
-2
-1
0
0
1
1
-1
-1
1
1
0
0
0
0
0
0
0
-1
0
0
3879214937598
337044990
-690690
4751823
-4173
-3876
345598
-3874
-258
286
54473
98
12495
13299
-561
-141
51
-36
4249
35
1646
-154
26
-10
14
-6
714
12
265
-55
-10
350
10
176
79
-29
-49
-20
15
-29
-13
99
3
4
52
0
9
-7
35
23
-13
17
-1
-10
2
10
6
-6
-6
-6
0
6
0
-7
1
-2
1
-4
2
-8
-1
-5
-1
-4
0
0
0
-1
-1
-1
-1
-4
3
-1
-1
-1
0
-2
-4
0
0
0
-3
1
1
-1
-1
-1
-5
-1
-1
-1
-1
1
-1
-1
0
0
-4
-1
-2
-1
0
-2
-2
2
0
0
-2
-2
0
0
1
1
0
0
0
0
-1
-1
-1
0
0
-1
0
0
0
0
0
0
-1
0
0
0
0
0
1
1
1
1
0
0
0
1
-1
1
-1
1
-1
1
1
-1
0
2
0
0
-1
0
1
1
2
0
0
0
-1
1
-1
-1
0
0
0
0
-1
-1
0
0
0
0
0
0
2
1
-1
-1
36173193327999
1354188159
2864511
12616074
18954
0
701823
20383
-897
351
91124
-126
20682
18954
1674
-54
-54
0
5355
-35
1807
375
27
-25
-17
27
729
0
484
116
34
306
-14
145
138
66
34
0
-6
54
-2
66
-6
0
39
0
51
27
13
-1
-1
9
0
15
-5
3
0
0
9
9
0
0
0
-12
8
-2
-4
6
-2
9
-5
0
-2
5
1
-1
-1
6
-2
-2
2
0
0
0
2
-2
0
-1
-1
0
0
0
-1
3
-1
1
-2
9
7
-1
-1
0
1
1
0
0
1
1
1
-2
0
5
0
-3
0
1
0
0
3
0
0
0
2
0
0
0
-1
-3
-2
0
1
1
1
-1
-1
-1
1
1
1
1
0
-1
0
-1
0
0
0
1
-1
-1
0
0
0
-1
3
1
1
-1
0
0
0
2
1
0
-1
-1
1
-2
0
0
-1
0
0
-1
-2
0
1
1
1
1
1
1
0
0
1
1
0
0
1
1
-1
0
0
0
125510727015275
3215883115
1219435
24688454
-25375
248
1223531
19499
-661
-1365
145275
-350
33670
28105
70
217
-47
-8
7497
0
2379
219
-53
-5
11
-21
923
5
715
-5
-10
350
10
173
134
-55
14
8
-10
21
5
65
5
0
43
4
81
-7
0
-21
15
10
-2
3
3
3
0
1
19
-5
1
-11
1
11
-1
6
-5
0
-6
0
0
3
0
5
-3
-2
-2
-6
-6
3
-2
0
-3
1
1
-1
0
0
3
-4
-1
-1
-3
1
-3
0
0
-10
-5
-5
-5
2
2
-2
0
0
-1
-1
2
-1
0
-3
0
-1
-1
-1
-1
1
-2
1
1
1
-3
-1
0
0
0
0
0
-1
0
1
1
3
-2
-2
0
0
0
0
0
0
0
-1
0
1
-2
-1
0
0
1
1
1
-1
-1
0
0
1
0
0
0
-1
0
0
1
1
1
0
0
0
0
-1
-1
0
0
1
0
0
-1
-1
0
0
0
0
0
0
1
1
-1
-1
0
0
0
0
190292345709543
2814161895
10249191
17144568
-8073
27000
734183
22151
-281
-1209
78793
168
12024
14103
2808
279
-9
120
3451
70
1079
351
-53
15
23
-21
351
27
-55
201
20
156
16
55
-136
-1
56
8
-8
51
11
31
7
0
-1
12
-29
43
22
43
7
-3
0
15
3
-5
0
9
-9
15
3
9
-5
-7
1
8
1
6
4
-14
7
1
-2
-5
7
0
0
0
8
-1
0
0
-3
1
3
-1
0
-2
-1
4
0
0
3
-5
-1
2
0
3
-1
3
3
0
-1
1
-1
-1
1
1
1
1
0
1
0
-1
-1
-1
1
-1
-1
-1
0
0
-3
1
0
0
0
-2
-2
1
1
-1
-1
1
0
0
0
0
0
0
0
0
0
-1
0
0
0
1
0
0
1
0
0
1
-1
-1
1
1
0
-1
-1
1
1
0
0
0
1
2
0
0
-1
-2
-2
0
2
1
0
0
-1
-1
0
0
-1
-1
0
0
0
0
-1
-1
1
0
0
0
222879856734249
3864186921
-7196631
26057022
11310
34503
1187881
-39831
1577
1001
132374
-126
18174
24726
-1986
678
30
-57
6154
-20
1993
-583
25
25
9
-7
672
-3
-154
-106
46
294
-6
110
-2
70
-42
55
14
-70
-6
62
2
-1
13
0
-70
-22
20
47
20
0
3
-15
1
1
0
3
-24
0
-3
3
-4
6
-6
6
6
-4
2
-2
-2
7
-2
-10
-2
0
0
2
10
4
-2
-1
2
-2
-2
0
-1
-1
-3
0
0
0
6
2
2
0
0
6
-1
-1
-4
3
-2
0
0
0
1
1
2
2
0
4
0
4
1
0
-1
0
4
1
0
0
0
2
0
0
0
2
2
-1
2
2
2
2
0
0
0
0
0
0
0
1
0
1
0
0
0
-2
0
0
-1
0
0
3
3
0
2
0
-1
0
0
2
-2
0
0
0
0
0
-1
-1
0
0
0
0
0
-1
0
0
0
0
0
0
0
0
0
0
1
1
-1
-1
-2
0
0
0
1044868466775133
9223504989
-15756195
47292301
84448
31123
1762397
-46019
-2723
637
170258
133
11661
28392
-2163
888
-48
147
6272
0
1869
-507
25
21
-19
-7
559
19
-286
-110
-11
245
5
55
269
80
-83
35
13
-56
16
40
4
-5
13
0
-64
0
0
-49
23
-2
-2
-11
1
9
-8
-3
-21
-9
3
-3
4
2
6
-3
2
-3
-3
35
0
8
0
-5
7
-3
-3
-3
-3
6
-3
3
2
-2
0
2
-1
3
-3
0
-2
-2
-8
0
0
0
0
2
11
7
7
2
-2
2
2
2
-1
-1
1
1
0
-3
0
-1
-1
1
1
0
4
1
0
0
0
-2
1
1
0
-1
0
0
0
-1
-1
-1
1
1
1
1
0
0
1
-1
1
1
0
0
0
0
0
0
1
0
0
-3
-1
0
0
-1
0
0
0
1
1
0
0
0
1
0
0
0
0
0
0
1
0
0
0
0
-1
-1
-1
-1
-1
-1
0
0
-1
-1
-1
-1
0
0
-1
-1
1109944460516150
9697078070
26155830
40851749
97733
61256
1379126
87126
4662
-1002
123025
525
43109
18381
3621
989
309
72
4200
35
966
846
26
-66
38
-6
398
20
945
145
-55
65
5
61
101
101
141
56
21
69
-3
-3
9
0
12
-1
120
8
-13
49
13
3
6
14
2
-6
1
-10
26
6
0
-6
0
1
1
1
-7
3
-3
15
8
6
-1
9
-3
0
0
9
9
3
-3
0
3
-1
-3
-1
0
0
4
-1
-1
-1
4
0
0
-1
0
11
9
1
1
2
-1
-1
0
0
0
0
-2
4
1
0
0
2
2
0
0
0
3
0
-1
-1
1
1
-1
-1
0
3
-1
2
2
1
1
-2
0
0
0
0
0
0
-1
0
1
0
-1
-1
1
0
1
1
0
0
0
1
1
1
-3
-1
0
0
0
0
0
1
0
0
0
2
0
0
1
-1
-1
1
-1
0
0
0
-1
-1
0
0
0
0
0
0
0
0
0
0
0
-1
1
1
2374124840062976
22509162496
4100096
110509112
-1456
-61504
4100096
8192
4096
0
392976
476
62776
64064
56
-1376
-16
-64
14553
0
4096
0
0
0
0
0
1325
-25
496
16
-4
476
-4
176
56
-16
56
-64
-8
0
-16
64
-8
0
26
0
9
-7
0
-63
-36
-1
-4
0
0
0
-6
1
1
5
-1
-7
-1
16
-8
-4
0
0
-4
0
0
-9
0
-4
0
-3
-3
0
-8
-8
0
0
0
0
0
0
0
1
2
0
-1
-1
9
-7
1
0
1
-1
1
1
4
-4
-1
-1
0
0
0
0
-4
-1
2
3
0
5
-1
-1
1
-1
-1
-1
0
0
0
0
0
0
1
0
0
-1
0
0
0
0
1
1
-1
-1
1
1
0
1
0
2
0
1
1
1
0
0
-1
0
0
1
1
-1
-1
0
0
0
0
-1
0
-2
0
0
-1
0
0
0
-1
0
0
0
0
-1
1
1
0
0
1
1
0
0
-1
-1
-1
-1
0
0
0
1
1
1
8980616927734375
-2720265625
39414375
1603525
200200
-116375
-9625
-20825
8295
1575
0
0
1925
0
-315
1520
-360
105
0
0
7
55
-25
-105
71
7
-5
22
0
0
0
0
0
0
5
-40
-35
-7
21
0
-8
0
-12
-15
1
-12
0
0
0
0
0
0
0
-1
-1
-1
0
8
-1
3
6
0
0
0
0
0
0
0
0
0
0
0
0
0
0
