2
1
5
7
3
10
4
13
15
6
18
19
8
22
9
24
26
11
12
30
32
14
35
16
38
17
40
42
44
20
47
21
49
51
23
53
55
25
58
27
61
28
63
29
64
66
31
69
33
72
34
74
36
76
37
78
80
39
82
84
41
87
43
45
91
46
70
94
48
67
97
50
100
52
103
54
106
56
109
57
111
59
113
60
115
117
62
119
121
123
65
126
128
68
120
130
71
132
134
73
136
138
75
141
143
77
145
147
79
150
81
153
83
156
85
159
86
161
88
95
89
163
90
166
168
92
170
93
172
96
175
98
178
99
180
101
182
102
184
185
104
188
105
190
107
192
108
194
196
110
198
200
112
203
205
114
207
209
116
212
118
215
122
165
164
124
219
125
221
127
223
129
224
225
131
227
229
133
232
135
235
137
238
139
140
241
243
142
246
144
248
146
251
148
253
149
255
151
257
152
259
260
154
263
155
265
157
267
158
269
271
160
273
275
162
278
280
282
167
220
169
286
171
173
174
290
176
292
177
294
296
179
298
300
181
303
305
183
307
309
186
312
187
314
316
189
317
191
319
321
193
323
195
326
197
329
199
332
201
202
335
337
204
340
206
343
208
346
210
348
211
350
213
352
214
354
355
216
358
217
361
218
363
365
366
222
369
371
372
226
375
228
331
230
379
231
381
233
383
234
385
386
236
388
237
390
239
392
240
394
396
242
399
244
402
245
247
404
249
406
250
408
252
374
410
254
412
414
256
417
293
258
419
421
261
424
262
426
428
264
430
432
266
435
437
268
439
270
442
272
444
274
447
276
277
450
452
279
455
456
281
459
283
460
284
285
463
464
287
466
288
289
469
324
291
471
473
475
295
478
297
481
299
484
301
302
487
304
490
306
493
308
470
310
496
311
497
498
313
500
502
315
505
318
508
320
511
322
441
325
515
327
517
328
519
520
330
523
333
525
334
527
529
336
532
338
535
339
537
341
539
342
541
542
344
545
345
492
347
449
409
349
547
351
550
552
353
554
440
356
468
357
557
559
359
360
561
563
362
364
566
568
367
368
571
370
574
451
373
393
376
524
377
578
378
580
582
380
584
586
382
589
591
384
593
595
387
494
598
389
600
438
391
488
603
395
397
398
606
400
608
401
610
612
403
614
615
405
618
543
407
621
622
623
411
626
413
629
415
416
631
633
418
472
420
637
422
640
423
641
643
425
645
647
427
650
429
653
431
656
433
434
510
592
436
661
443
664
665
445
668
446
670
448
671
673
453
676
454
678
457
681
458
663
683
461
684
462
685
687
465
635
689
467
691
692
693
474
696
476
699
477
701
479
703
480
705
706
482
708
483
544
485
619
486
710
712
489
714
491
716
717
495
719
657
499
722
501
677
503
725
504
727
506
507
730
731
509
594
734
512
513
514
736
738
516
741
743
518
745
521
748
522
651
572
690
526
639
638
528
530
753
531
755
533
757
534
759
761
536
634
763
538
766
768
540
605
770
772
774
546
776
564
548
549
779
781
551
784
553
555
788
556
713
790
558
609
560
793
794
562
797
565
567
569
801
570
739
573
636
575
576
577
805
806
579
808
810
581
783
583
813
585
815
587
588
817
590
820
596
823
597
674
599
825
601
602
807
604
828
829
607
832
834
611
836
613
839
840
616
617
742
844
620
847
624
850
625
688
852
627
732
628
853
630
835
830
632
857
859
860
861
642
858
644
811
646
866
648
868
649
798
652
870
871
654
874
655
876
658
822
659
880
660
882
662
883
862
666
885
667
887
700
669
889
891
892
672
894
675
895
897
679
680
900
818
682
762
884
841
686
904
905
907
694
695
718
697
911
698
756
914
702
917
704
919
707
796
921
709
923
771
711
926
715
929
930
720
721
747
933
723
934
724
746
726
937
939
728
729
800
942
944
733
946
878
735
948
950
737
952
740
744
954
951
956
749
754
750
751
752
778
960
873
912
758
962
760
877
764
765
943
864
767
967
769
869
846
968
773
970
775
777
799
780
972
782
974
785
976
786
787
957
789
791
981
792
979
984
795
986
987
989
802
803
992
804
993
978
959
809
865
975
812
936
955
814
971
816
997
819
999
821
1000
1001
824
1004
1005
826
827
1007
949
831
833
1010
915
837
973
838
985
988
842
872
843
966
845
1012
848
932
849
855
851
965
854
916
856
893
1015
910
863
1016
867
1011
1017
953
945
875
879
1008
881
918
886
938
888
913
890
980
909
898
977
896
1020
1002
899
940
901
902
941
903
1019
995
906
908
1003
991
998
920
996
922
924
925
983
994
927
928
1013
931
969
1021
935
963
947
1006
1022
958
961
964
1023
990
982
1009
1014
1018
1025
1024
