3
4
6
8
9
11
12
14
16
17
1
20
21
2
23
25
27
28
29
31
33
34
36
37
5
39
41
43
45
46
7
48
50
52
22
54
56
57
59
60
10
62
44
18
65
67
68
70
71
13
73
35
75
15
77
79
81
38
83
85
86
88
89
90
19
92
93
95
47
96
98
99
101
102
104
105
107
108
24
110
58
112
26
114
116
118
61
120
122
124
125
127
30
129
69
32
131
133
135
72
137
139
140
142
144
76
146
148
149
151
152
154
155
157
158
40
160
87
162
42
94
164
165
167
169
91
171
119
173
174
176
177
49
179
100
181
51
183
185
186
187
53
189
106
191
55
193
195
197
109
199
201
202
204
206
113
208
210
211
213
214
172
216
63
217
218
64
220
126
222
66
128
121
226
130
228
230
231
233
234
236
237
239
240
74
242
244
245
247
246
249
250
252
225
78
254
150
256
80
258
260
261
262
82
264
156
266
84
268
270
272
159
274
276
277
279
281
283
284
219
285
287
288
289
223
175
291
97
293
295
297
178
299
301
302
304
306
182
308
310
311
103
313
315
190
188
318
316
320
322
192
324
325
327
328
330
331
333
334
111
336
338
339
341
342
344
345
347
275
115
349
212
351
117
353
355
356
357
359
360
123
362
364
168
367
368
370
194
373
374
376
332
377
378
132
380
232
382
134
384
386
387
307
136
389
238
391
138
393
395
397
398
400
401
141
403
404
143
405
145
407
251
409
147
411
253
413
415
416
418
292
257
420
422
423
153
425
427
429
263
431
433
434
436
438
267
440
441
282
443
445
446
448
449
161
451
453
454
163
457
458
271
396
166
461
462
464
465
417
170
467
468
452
309
470
472
474
476
477
479
480
482
483
485
486
180
488
489
491
492
469
494
290
495
184
496
408
499
312
501
503
504
506
507
509
510
512
241
513
514
326
516
196
518
520
521
522
198
524
200
526
528
530
531
533
534
203
536
340
538
205
540
542
543
544
207
546
346
305
209
497
348
548
549
551
553
352
269
555
556
215
224
558
481
560
455
562
564
361
565
567
569
570
221
572
573
575
576
303
392
577
227
523
229
579
581
583
379
585
587
588
590
592
383
594
596
597
235
599
388
439
601
602
375
604
605
442
321
399
607
243
609
611
613
402
248
616
617
619
620
406
498
603
624
625
627
628
630
610
255
632
634
635
636
622
638
639
259
640
642
644
424
646
648
649
651
652
654
655
657
658
265
593
659
660
662
663
665
666
667
273
669
447
637
672
674
675
278
677
679
680
280
682
459
664
460
568
365
686
626
688
286
690
466
623
598
694
695
697
698
294
700
478
702
296
704
706
358
707
298
709
484
343
300
618
711
713
372
490
715
717
718
323
720
363
721
723
724
676
722
314
726
505
728
729
317
732
733
319
511
735
554
371
737
739
740
742
744
517
746
747
329
749
369
750
719
525
751
670
752
563
335
754
532
756
337
758
760
689
535
762
764
765
767
683
539
769
771
773
775
545
777
778
566
350
780
782
783
785
786
787
354
788
789
791
792
608
705
456
795
796
798
656
799
800
366
802
803
650
574
471
804
487
691
807
578
809
811
784
812
745
774
814
816
687
381
818
819
821
822
385
823
693
824
826
827
390
790
419
394
830
831
833
559
835
837
838
743
841
842
614
843
845
846
848
849
410
851
852
463
586
412
731
629
854
414
855
856
858
473
421
862
633
671
863
864
865
867
839
426
869
428
797
871
872
873
430
875
432
877
878
879
435
881
661
759
437
884
768
444
886
888
699
668
890
527
643
893
450
493
896
502
898
899
901
763
681
641
902
870
903
678
906
908
909
910
696
716
475
912
913
915
916
918
703
741
834
920
922
708
924
813
925
927
928
892
931
761
932
933
519
897
500
935
936
725
938
900
940
730
941
943
508
945
595
946
947
949
914
951
953
515
647
955
887
957
748
753
958
860
959
529
889
961
911
757
853
882
876
963
537
964
965
966
919
828
868
541
969
921
584
770
794
547
971
973
631
550
975
552
977
600
978
979
980
557
982
983
930
985
561
988
990
801
991
571
894
994
937
891
866
995
580
974
582
710
996
815
779
589
998
820
895
591
1002
1003
1005
1006
968
883
808
1008
606
1009
1011
836
950
612
972
776
615
987
840
967
926
1012
993
832
621
805
1013
850
1014
962
701
781
857
861
859
929
645
1007
685
653
1004
944
874
1000
1018
880
939
885
956
736
755
923
806
673
1019
976
999
948
984
793
727
917
1015
684
1010
904
1016
942
1021
692
1022
997
986
970
1023
960
954
712
844
766
714
1024
1001
1025
989
934
817
734
952
738
992
1017
905
772
907
981
847
810
1020
825
829
