1
4
5
2
3
10
11
12
13
6
7
8
9
22
23
24
25
26
27
28
29
14
15
16
17
18
19
20
21
33
46
47
30
48
35
49
50
51
52
40
53
54
55
56
57
31
32
34
36
37
38
39
41
42
43
44
45
76
77
78
79
80
81
82
83
84
85
86
87
88
89
90
91
92
93
58
59
60
61
62
63
64
65
66
67
68
69
70
71
72
73
74
75
121
122
123
124
125
126
127
128
129
130
131
132
133
110
134
135
107
119
136
137
138
139
140
141
142
111
143
94
95
96
97
98
99
100
101
102
103
104
105
106
108
109
112
113
114
115
116
117
118
120
184
185
186
187
188
189
150
190
191
192
169
193
194
195
196
197
198
199
200
201
202
203
204
205
206
154
207
208
209
210
211
175
212
213
214
215
216
217
218
219
144
145
146
147
148
149
151
152
153
155
156
157
158
159
160
161
162
163
164
165
166
167
168
170
171
172
173
174
176
177
178
179
180
181
182
183
262
263
264
265
266
267
268
269
270
249
271
272
273
274
275
276
277
278
279
280
259
281
282
256
283
284
251
285
286
229
287
246
288
253
289
290
243
291
292
240
293
294
220
221
222
223
224
225
226
227
228
230
231
232
233
234
235
236
237
238
239
241
242
244
245
247
248
250
252
254
255
257
258
260
261
318
319
303
310
309
306
316
320
297
321
317
300
322
323
299
298
324
325
326
314
327
301
305
295
296
302
304
307
308
311
312
313
315
335
329
339
340
341
334
333
328
337
336
342
330
331
332
338
344
343
