2
3
1
6
8
7
4
9
5
14
16
18
20
15
10
17
11
19
12
21
13
30
32
34
36
38
40
42
44
31
22
33
23
35
24
37
25
39
26
41
27
43
28
45
29
58
60
61
63
65
67
69
71
73
47
74
54
59
46
55
62
48
64
49
66
50
68
51
70
52
72
53
57
75
56
94
78
95
96
98
100
76
102
104
106
108
110
111
113
115
117
119
87
82
77
97
79
99
80
101
81
103
83
105
84
107
85
109
86
93
112
88
114
89
116
90
118
91
120
92
144
146
148
150
152
153
155
157
159
125
161
163
165
167
168
170
172
134
174
176
178
180
182
145
121
147
122
149
123
151
124
130
154
126
156
127
158
128
160
129
162
131
164
132
166
133
138
169
135
171
136
173
137
175
139
177
140
179
141
181
142
183
143
220
215
222
216
223
225
194
228
230
232
227
234
235
211
238
209
195
241
243
245
217
248
187
250
252
240
254
237
256
258
186
218
206
247
185
260
221
184
214
224
188
226
189
190
229
191
231
192
233
193
200
236
196
197
239
198
199
242
201
244
202
246
203
204
249
205
251
207
253
208
255
210
257
212
259
213
261
219
291
269
296
265
273
298
277
295
300
302
267
276
274
286
266
299
305
306
292
308
279
310
312
284
304
313
278
262
315
289
307
316
290
263
297
264
272
268
301
270
303
271
275
288
282
280
309
281
311
283
285
314
287
294
317
293
328
330
331
333
321
334
335
319
337
323
329
318
325
332
320
322
327
336
324
338
326
343
339
342
344
340
341
