654
95
560
333
446
570
432
492
94
557
147
168
606
276
85
349
545
173
34
691
115
460
463
98
635
580
137
29
28
470
106
465
671
19
316
511
295
457
650
367
710
658
194
625
692
60
488
647
642
104
677
167
644
213
656
304
443
389
225
46
594
490
425
472
392
629
657
569
599
371
358
706
342
319
505
444
521
388
507
617
226
339
252
423
15
231
402
640
682
354
91
550
277
9
2
176
415
24
327
701
186
546
497
50
138
31
725
240
391
690
510
233
575
551
21
227
162
317
622
501
626
668
662
340
655
487
631
661
177
567
131
270
688
416
552
595
27
105
265
217
294
538
709
144
577
237
11
672
609
163
572
261
241
619
699
185
685
274
409
404
207
117
150
461
427
495
52
12
562
568
466
684
18
717
189
96
129
351
191
330
589
525
445
702
156
101
390
473
175
509
179
315
621
43
307
263
380
205
435
534
201
512
683
345
198
248
161
366
305
670
648
643
54
730
704
536
140
532
406
370
486
586
431
437
59
81
116
282
412
645
86
314
112
275
641
573
146
663
526
108
153
530
405
513
306
418
628
206
611
352
393
83
363
343
496
364
318
422
279
601
152
680
196
302
139
428
482
372
639
132
676
407
535
158
234
14
93
666
259
518
378
228
584
377
298
728
411
395
608
686
426
506
436
141
37
528
652
285
502
515
324
264
563
56
209
245
195
591
687
630
420
582
383
232
192
35
118
257
74
727
394
456
588
301
616
596
99
464
605
180
469
475
4
441
694
711
385
590
82
124
571
73
254
561
204
574
508
373
16
401
178
250
458
90
439
429
369
71
708
620
494
673
253
256
548
208
40
481
357
220
70
268
348
398
649
543
284
281
382
197
400
379
313
489
337
646
665
78
58
187
109
65
251
321
288
581
638
374
721
381
350
87
447
160
243
219
272
424
159
579
287
229
651
480
97
134
504
246
566
311
695
258
84
408
63
291
165
266
356
660
223
7
607
722
199
293
224
612
355
633
334
516
57
76
183
5
403
527
500
549
529
459
479
729
547
322
38
353
452
22
164
553
23
328
32
171
519
471
331
30
468
64
188
587
332
712
593
667
453
414
368
267
689
659
705
221
126
47
384
62
565
8
539
361
166
255
103
715
514
449
120
299
696
417
75
292
79
347
190
111
36
202
244
499
300
442
602
280
467
520
77
544
679
678
182
239
448
296
451
242
632
218
697
200
273
216
664
142
493
585
636
693
376
522
17
102
455
365
450
92
114
135
462
600
598
714
10
681
559
3
344
169
303
576
491
419
130
170
68
6
341
151
236
346
113
564
145
623
410
26
396
312
610
283
540
222
474
323
181
338
308
637
477
61
136
326
597
555
69
554
260
517
613
618
329
13
433
289
149
583
249
438
603
669
624
325
80
604
154
360
193
119
578
615
44
121
719
247
66
310
127
531
440
713
25
541
592
397
269
88
235
49
212
53
230
386
48
211
375
39
413
297
653
1
125
55
67
42
484
430
128
123
238
537
387
278
478
122
614
210
33
148
362
724
698
271
51
524
523
262
558
89
203
172
157
290
309
133
483
110
20
45
542
335
421
503
533
675
155
700
100
184
703
215
485
72
723
359
143
41
336
476
634
556
498
718
174
716
627
726
399
434
707
674
107
720
320
286
454
214
