509
609
690
671
30
588
412
678
101
188
191
374
627
48
49
431
585
257
482
322
670
414
577
315
85
596
635
260
189
13
702
597
581
679
123
656
170
119
462
691
274
654
124
722
127
252
42
396
157
628
104
486
525
327
210
289
195
263
454
516
150
50
354
231
254
410
674
383
130
79
310
719
247
681
465
339
168
389
214
293
206
19
273
29
669
117
643
236
452
543
175
88
459
298
489
99
329
514
77
436
240
23
368
98
700
166
312
346
420
212
422
121
583
171
380
216
41
309
375
213
406
492
680
87
246
120
423
544
701
90
44
433
28
432
456
697
559
25
227
449
730
490
287
83
651
362
398
604
118
571
447
550
69
333
200
626
729
76
295
638
475
31
570
542
5
56
270
290
455
112
359
720
173
507
282
224
338
143
476
381
285
114
721
664
33
276
160
564
710
111
387
67
477
524
728
321
391
694
705
453
349
450
86
74
393
563
261
223
180
416
186
440
437
541
91
262
519
403
238
682
631
154
53
228
78
245
438
68
399
561
357
105
46
58
613
602
271
688
592
434
165
17
598
518
341
605
122
363
97
711
296
325
388
316
704
234
335
12
662
505
235
634
319
520
313
714
156
535
686
249
727
169
590
624
429
593
8
199
251
320
107
485
323
9
460
229
14
413
400
499
545
615
378
426
724
448
70
512
152
185
444
314
555
134
504
417
149
419
546
59
94
242
611
337
579
125
54
655
707
211
286
265
653
283
22
172
110
102
531
665
230
269
451
567
63
470
181
384
445
687
529
685
10
190
488
24
198
580
4
632
139
15
706
648
591
146
689
20
308
142
562
340
667
644
352
279
138
573
568
608
566
239
176
376
606
539
255
718
243
218
147
371
373
250
660
587
369
187
259
508
551
253
45
266
493
178
2
547
619
537
515
394
480
344
501
495
578
443
113
576
148
324
278
233
695
491
183
415
182
513
35
523
641
201
52
636
446
663
649
1
533
304
21
594
197
652
268
617
612
317
221
506
467
622
345
328
379
595
360
300
164
161
267
661
81
159
657
89
478
302
458
625
401
347
133
629
408
193
558
708
137
709
367
457
461
421
204
237
484
616
303
586
725
275
716
34
62
158
336
672
330
673
92
3
37
174
642
556
96
84
471
620
356
355
75
364
397
464
645
640
424
536
301
639
411
703
418
474
162
442
659
540
404
618
521
11
217
637
26
517
167
334
131
646
126
560
106
407
600
502
630
222
599
38
430
614
209
472
95
538
145
100
135
220
194
80
500
402
601
311
692
277
272
510
6
382
248
526
326
305
60
192
675
151
136
723
427
299
677
534
202
353
528
684
281
466
589
232
318
428
163
715
280
284
366
226
552
574
153
258
405
395
177
463
65
128
351
522
496
361
358
331
342
307
717
115
607
481
196
370
288
109
225
203
582
155
241
40
82
297
332
306
244
668
64
385
683
392
713
343
205
572
483
264
291
129
386
18
726
666
435
32
7
494
647
569
633
530
208
693
712
623
144
372
55
103
532
699
473
72
511
140
676
497
650
73
108
610
696
179
468
219
409
66
207
441
503
554
27
47
487
439
294
390
658
425
57
548
116
565
348
527
61
292
621
39
256
549
141
557
603
71
51
469
184
215
377
498
132
36
350
16
584
553
43
479
93
575
365
698
