2
1
5
7
3
10
4
13
15
6
18
20
8
23
9
16
17
11
28
12
29
31
14
34
36
26
39
19
21
30
22
45
47
24
50
25
41
52
27
55
37
43
42
59
32
62
33
65
49
35
51
38
69
70
40
56
58
57
44
77
79
46
81
64
48
84
86
88
53
54
83
91
73
74
82
76
60
78
61
80
63
75
71
66
85
67
96
68
102
104
72
107
99
109
111
87
97
114
93
100
117
89
120
90
123
124
92
115
94
127
95
112
113
98
108
133
101
118
119
103
125
122
105
106
121
136
110
130
139
128
141
132
116
134
135
126
137
138
129
140
131
149
143
151
145
153
155
148
142
158
144
159
146
154
147
161
157
150
152
160
156
162
163
164
165
