3
4
6
8
9
11
12
14
16
17
19
21
22
20
24
25
26
27
1
2
30
32
33
35
37
38
40
41
42
43
44
46
48
49
51
29
5
53
54
56
57
58
7
60
61
63
64
45
66
67
68
55
10
71
72
73
74
75
76
78
23
80
13
82
83
85
87
15
89
59
90
92
18
93
36
94
95
86
96
91
47
97
98
99
100
31
101
102
103
105
106
108
28
110
112
113
81
115
116
34
118
119
121
122
39
125
126
52
79
70
128
129
130
131
132
134
84
50
123
104
127
135
133
114
62
137
69
138
140
109
142
65
88
117
143
144
145
146
147
77
148
150
120
152
151
154
141
156
157
124
107
160
161
111
136
139
162
159
153
155
163
164
158
165
149
