1 1
2 2
3 3
4 211
5 5
6 23
7 7
8 23
9 2213
10 2213
11 11
12 223
13 13
14 311
15 1129
16 233
17 17
18 17137
19 19
20 ?
21 37
22 211
23 23
24 233
25 2213
26 3251
27 311
28 227
29 29
30 547
31 31
32 2213
33 311
34 31397
35 1129
36 233231
37 37
38 373
39 313
40 547
41 41
42 379
43 43
44 310465583
45 2231051
46 223
47 47
48 1129
49 719472489949
50 83269
51 317
52 2213
53 53
54 233
55 773
56 379
57 1129
58 229
59 59
60 35149
61 61
62 31237
63 3109
64 3251
65 3319
66 2311
67 67
68 3739
69 32191
70 257
71 71
72 719472489949
73 73
74 379
75 331549
76 1117489
77 5031451
78 32257
79 79
80 3383253442213
81 31397
82 241
83 83
84 2237
85 3137
86 1129
87 1174871542727734591
88 2311
89 89
90 72719
91 31265029
92 321319
93 331
94 1319
95 36389
96 1123
97 97
98 2417
99 13219
100 3223109
101 101
102 7331
103 103
104 32257
105 ?
106 1123
107 107
108 71129
109 109
110 331549
111 337
112 1319
113 113
114 163199
115 523
116 31193
117 41431087
118 3389
119 37199
120 71171
121 1319
122 3229
123 317212191019
124 71187279565218998495448074543
125 53
126 3230928565998967809785432429
127 127
128 311
129 73
130 711612953
131 131
132 323767
133 719
134 389
135 347
136 7331
137 137
138 131777
139 139
140 3761
141 347
142 271
143 7614493
144 2719
145 17137
146 31153
147 3271731907
148 2237
149 149
150 2232677
151 151
152 163199
153 3217
154 2711
155 3259
156 2389853
157 157
158 32359
159 353
160 3517
161 71170956515881
162 2497211
163 163
164 337213
165 3511
166 283
167 167
168 31110931079
169 323767
170 321397
171 13371013477
172 2243
173 173
174 17137
175 71039
176 2411
177 359
178 2243
179 179
180 31209927253
181 181
182 2713
183 263
184 131777
185 2237219
186 31265029
187 1117
188 317527385233
189 337
190 3421892249
191 191
192 263
193 193
194 71143
195 32133741181
196 894144567969332138206341931577254809080521221422263
197 197
198 371971723
199 199
200 2232677
201 367
202 19231
203 233231
204 71912791
205 541
206 3701
207 3247813
208 331171
209 3373
210 2357
211 211
212 33737374957249
213 3251
214 7243
215 3181
216 2333
217 31397
218 406673125373423137
219 373
220 22511
221 19181
222 31110931079
223 223
224 257
225 ?
226 2113
227 227
228 321910494719308175854563738862073044084315557266581899893
229 229
230 39929
231 31237
232 17137
233 233
234 2497211
235 547
236 32251
237 379
238 138563
239 239
240 1739623752291259
241 241
242 1321729
243 1129
244 71719
245 3383253442213
246 2341
247 1319
248 31265029
249 383
250 1123
251 251
252 83269
253 1123
254 3709
255 3517
256 227
257 257
258 32133741181
259 3389
260 79601
261 3229
262 2131
263 263
264 23311
265 32371033
266 2719
267 389
268 2267
269 269
270 71171
271 271
272 2417
273 31153
274 2137
275 191747
276 722104580507
277 277
278 313829
279 32359
280 2357
281 281
282 2347
283 283
284 131811420855589
285 3235747
286 36120323
287 31319
288 223211
289 2243
290 191699
291 397
292 2273
293 293
294 1168351
295 3593
296 31110931079
297 71143
298 7307
299 ?
300 272771203473160607
301 743
302 292107251003349553
303 199049
304 4159
305 132173
306 31031201
307 307
308 71016137
309 374531
310 2531
311 311
312 32127289889
313 313
314 3719
315 3257
316 327313115933522792942921033561
317 317
318 72269
319 1129
320 32371033
321 ?
322 724723
323 32191
324 37039
325 2231051
326 33131719
327 3109
328 2341
329 1174871542727734591
330 ?
331 331
332 3761
333 39722974813
334 11197
335 347
336 2437
337 337
338 389569
339 4781551
340 3242399
341 317212191019
342 19411741
343 73
344 32133741181
345 347157321505133
346 4153
347 347
348 33827
349 349
350 37972591
351 3313
352 331549
353 353
354 4251261175511630542137983
355 571
356 71036249
357 ?
358 2179
359 359
360 3117437
361 263
362 3727
363 191231
364 3791549
365 3191
366 7541
367 367
368 2423
369 71170956515881
370 71443
371 3251
372 3271731907
373 373
374 37039
375 353
376 2347
377 472890937639
378 31110931079
379 379
380 349116981271942613
381 352489
382 71901662141
383 383
384 31153
385 5711
386 40128097
387 319752673
388 2297
389 389
390 191742701
391 1723
392 1168351
393 13400472337165288407458188952500116175830682832725701269366351
394 719
395 3715538681
396 223211
397 397
398 3733
399 3719
400 22613
401 401
402 1387943813
403 113
404 ?
405 347157321505133
406 2729
407 1128084052378027
408 73331
409 409
410 3229231
411 3137
412 463823
413 31123
414 114773
415 1153
416 711612953
417 4373
418 72431
419 419
420 79283
421 421
422 310465583
423 17191
424 72269
425 32974549
426 2371
427 761
428 37369
429 5958256201
430 2543
431 431
432 33131719
433 433
434 2731
435 3529
436 22109
437 31239063073292939897991501450903714590515740684110503
438 279711341785175198237
439 439
440 ?
441 311139809
442 21317
443 443
444 3211718397269
445 1931
446 321319
447 ?
448 389
449 449
450 114756479
451 747401
452 71503
453 1929311
454 37463
455 324799
456 322591
457 457
458 31193
459 6838681
460 31107721
461 461
462 33101137
463 463
464 33179
465 35945732994229
466 71129
467 467
468 2943179
469 32619916741222719429065125694399592937452438457283570319718741630702321031515702847297595911
470 319671132528833
471 32192643444877
472 4251261175511630542137983
473 413737968677074318957599747095971714626505983063885091
474 11192809
475 33641
476 22717
477 3253
478 2239
479 479
480 ?
481 310922457941
482 337213
483 1173463
484 3831299080537
485 7457
486 547
487 487
488 7541
489 3163
490 22643
491 491
492 311677
493 29390743
494 21319
495 11217127255150390639807114055769641592871636568201199759746129973895273256671648178399984980290988699
496 111317
497 3257
498 2383
499 499
500 33737374957249
501 3167
502 2251
503 503
504 23327
505 5101
506 3107449
507 1000720343109740695602411178193481823753651442375711155285874587
508 78916573
509 509
510 331367
511 773
512 29
513 3319
514 3761
515 367
516 22343
517 3137
518 358073
519 36389
520 191742701
521 521
522 172450259
523 523
524 322459
525 3527
526 36389
527 71039
528 59318773
529 17137
530 1387968239951
531 3259
532 37573
533 71100937999972901
534 2389
535 5107
536 1387943813
537 2237219
538 2269
539 7211
540 3292147489882771556070276334511207501329733520317463117648379810488659618021
541 541
542 131811420855589
543 3181
544 321397
545 291280453
546 231031
547 547
548 ?
549 74441
550 32279763853
551 3643
552 37101415412123332819
553 32371033
554 1737802512002769774584279198585968229783081437083001934997451986374898629374769098920943461661
555 337261770653
556 3237287
557 557
558 59318773
559 3593
560 33713
561 132173
562 2281
563 563
564 31262281
565 5113
566 3761
567 347
568 2371
569 569
570 111313757
571 571
572 3383253442213
573 3191
574 2741
575 31741
576 23747
577 577
578 ?
579 3715538681
580 33153532501
581 3329
582 71187279565218998495448074543
583 1153
584 279711341785175198237
585 134161
586 2293
587 587
588 34571657
589 1931
590 3853
591 33857
592 2437
593 593
594 23311
595 5717
596 ?
597 7457
598 21323
599 599
600 37347257
601 601
602 171825517
603 234139
604 32560216379133914583650113
605 17190859657
606 131777
607 607
608 3421892249
609 33489977
610 41863
611 3449
612 223217
613 613
614 3769
615 3541
616 33101137
617 617
618 32919741915919
619 619
620 22531
621 3323
622 2311
623 112538382712073
624 41593
625 233
626 32257
627 ?
628 22157
629 172412677
630 3153467
631 631
632 11192809
633 13219
634 7331
635 312619
636 3120647
637 7213
638 31727799937465066342809003239
639 3271
640 191747
641 641
642 3829591653912235051718950821125301058935493957947222857421200766625913933
643 643
644 321372633457
645 31181
646 2313553633
647 647
648 191231
649 7614493
650 5981307603434189411682333706699
651 71341
652 43249517
653 653
654 31111243
655 715991
656 2441
657 31091
658 3269401
659 659
660 19711232711
661 661
662 31265029
663 435877703
664 2383
665 723197491
666 34126189
667 17137
668 319194983407570879793433345969772742874541618531
669 3247813
670 ?
671 3343
672 71443
673 673
674 31110931079
675 112129
676 37246159567
677 677
678 32656969310626232897312441378081751205353436139742605151301522093792244501
679 797
680 331367
681 3712712041
682 3372371
683 683
684 223219
685 11467
686 31153
687 3229
688 7349
689 37533767
690 5981541271
691 691
692 3767227
693 2331409
694 2347
695 31873126913
696 113779
697 1741
698 157211
699 719239
700 61569206931524181352725488877255302369238272221
701 701
702 32127289889
703 33487
704 16191781872938935759
705 3547
706 72269
707 31929725611027
708 329257
709 709
710 894144567969332138206341931577254809080521221422263
711 5031451
712 2389
713 31265029
714 4768876124179
715 171889332802422526434848087845776725883571828741681
716 61613
717 37199
718 4251261175511630542137983
719 719
720 2329320461297
721 7103
722 24137
723 71170956515881
724 327421
725 32783
726 32115367167547
727 727
728 231031
729 233231
730 3132979
731 31397
732 127593170843241823
733 733
734 1387943813
735 41397673
736 39929
737 3389
738 10709336089443102487
739 739
740 31727
741 31319
742 2753
743 743
744 33631498371902153235574393243876763
745 324251
746 279711341785175198237
747 1174871542727734591
748 1373233
749 3599491938659
750 72269
751 751
752 2447
753 3251
754 2322039323
755 1723811
756 3211718397269
757 757
758 11192809
759 31123
760 111313757
761 761
762 ?
763 7109
764 21115331
765 3241877
766 2383
767 32619916741222719429065125694399592937452438457283570319718741630702321031515702847297595911
768 283
769 769
770 73673
771 3257
772 22193
773 773
774 131311506133732434197463884212341862512659848088752204710400199852861860697918544600381437
775 5231
776 71187279565218998495448074543
777 ?
778 2389
779 32371033
780 1012213
781 1171
782 3371115361
783 3329
784 32711532339221
785 33191
786 23131
787 787
788 ?
789 112538382712073
790 2579
791 32371
792 3513669575849
793 1361
794 71187279565218998495448074543
795 31011559
796 ?
797 797
798 23719
799 1747
800 ?
801 111323
802 379
803 31723
804 22367
805 112909
806 83257
807 3259601
808 131777
809 809
810 703706962913868105527
811 811
812 717191
813 3271
814 7161971
815 31721
816 24317
817 310781
818 13940123677
819 32713
820 22541
821 821
822 1929311
823 823
824 32919741915919
825 313612693135219965742414289210270820011
826 31063
827 827
828 111497196397182292411041571
829 829
830 138291471318433
831 74159
832 109290542423009
833 674831
834 33857
835 5167
836 1713007
837 3331
838 4159
839 839
840 23357
841 2273
842 32319013631237857
843 3112152343
844 719167
845 328383767837
846 11199976747809226781628075385463701
847 1121557
848 3743705893267
849 1174871542727734591
850 3411229
851 31110931079
852 1389281
853 853
854 11251
855 18178713035470955637305973063590071682616533744154393801132485978751623
856 3829591653912235051718950821125301058935493957947222857421200766625913933
857 857
858 319471480931
859 859
860 22543
861 22718674293318895127
862 111317
863 863
864 ?
865 47971519632151942446916722622796965192839570091571610526410478904907149
866 33131719
867 722809723843903
868 317903
869 1123127
870 3112331
871 1367
872 31111243
873 7344099643
874 3761293
875 2237219
876 17293353326388013993676757102305709907
877 877
878 331119314111
879 316661142211
880 7323432459743891
881 881
882 345431
883 883
884 221317
885 3559
886 7349
887 887
888 371153269
889 7127
890 3863
891 32473557217631797
892 34711370398192370712342982233130320039653
893 31159
894 3347109898729
895 5179
896 277
897 331341531453824353087037
898 2237219
899 1313219
900 103104631082011123
901 1753
902 792179
903 31193
904 32656969310626232897312441378081751205353436139742605151301522093792244501
905 11119292941
906 37717
907 907
908 7321789
909 13137869
910 1143233293
911 911
912 13487273435369311538101
913 38871319
914 33713
915 3247313
916 22229
917 32377
918 73331
919 919
920 5981541271
921 3307
922 3829591653912235051718950821125301058935493957947222857421200766625913933
923 3457
924 223711
925 5237
926 3821
927 747563
928 191699
929 929
930 23531
931 7219
932 1119179
933 71143
934 2467
935 ?
936 ?
937 937
938 2767
939 3313
940 337987613
941 941
942 23378387
943 2341
944 2459
945 3490989119
946 21143
947 947
948 357042901
949 1373
950 25219
951 6838681
952 4768876124179
953 953
954 3789173
955 29179
956 238357709
957 114194117749
958 3767
959 317113433399528191
960 31727799937465066342809003239
961 32127289889
962 191123
963 376547
964 1129333
965 72897080232025123
966 3171439
967 967
968 32115367167547
969 611071313
970 7253
971 971
972 35149
973 3359814576927769399
974 7547
975 311158710487637133159083885269
976 3829591653912235051718950821125301058935493957947222857421200766625913933
977 977
978 1167391
979 131321
980 1110119119846100684876856241484646197075359152292051
981 3711139
982 7297
983 983
984 8312197
985 5197
986 37243
987 31249
988 31787869
989 32133741181
990 37197767
991 991
992 2531
993 3331
994 32959607
995 321372633457
996 33829
997 997
998 37217
999 13367
1000 72269
