51862596437
302847730177
9509189827
165120491
183725501
99760406461159
16414122956882431477
20008601419577
879945863
8117749624207409257
39407944876979999
51611546908183
153444917
335154667
2410792381
3203639931127
310303189613969
19397858456738548411
114373870824538049844014172217
331435771
36897678487
8286530297
36604194719141554897852063
717879787
98164052961446158787062954067
152283598723351121257165212281619451267
2799584710781
22912608259439
303695593469
136916783752685039
251512486544718808969163
469153147
511997021
1045233538553
30928577
111846283
2815114637893
74152140963381200261
74564932356509676518201
203144977793425183063021468242771335400037
354293553787
568669565391119
10165058604278845659948613
3519572371327
8830133267821
44730696853
700996877611
62217770016135057127
13863427810533006357296111
320587369
526691805540116978991845719
116899507989413
3996553190909505452964614248543
68424266087451166569072268477756997643186398933652448199790124063867
314816696171
34387178451343313
193568367137
2809018291
8008616089597
998057143
202053749
9913419433550131
21430608859888799
7310601892367
1285307019698113
17225979335249
15861202448987726412803479688777010840180550399978119018928963
302987483
802901988983
