80888457287941
325941071
3173007463139
2126961379
14125869547
278847341
209033509821618169
14265834677
1394829087598449991201921
927744263863809705013
649940524609616303352575113
625720845557
43234541622676381
3077017677361
638161490251755227
940554277127
690518268493
2282071067489
7421612558813117446694546739997
2448188251
44548772154797
3833531991385121
899986566929
11753994481410386616755491509707436105824057
215169832923763
82497654363396053070156679740748153641175009280963
3546328110996517695757
13958744125331
6120398042683
7441418996176273130123963
16196658476641838953609274162634732501773816959837436452129
259894603
13914551957
4754725229174150350909467817
8483587759
797513243
110969710321
5809147971237462690649412533
29184087083062909504775222745397879102103941
296507860789644583
832694227
247072972730810506897620992470409134961467376549099333858551273
14396861679257
893158471512906687344843
292329547
13875757439
178531024107687090952259794742625559747492312456431172761138673250915179035691
100431893347
1920280289
120608731237
346401311
57604678882847867044875905311769
884398596433982251
1416941036129553005188889
9021247702490932256323
2799522185061945595757
5263819339
3499257089
37920253085899
326413258088071229063
29529340859
7942056272577591887497
595769689
98915698591
361815193943644757
3857284121
1870556147
256451029087153
8183264701
5060344553459941
240543324888221062207
441924568858441
25161191169464616408811
4280887766727881893045425468914344450027241
