1394161003757
25239270431
1778463179021
17377902756647509
20540227
55846623216850497599
27224534543
200482279939
7538617
3782477
16902637061642431279
18595111
642754559
1815895383071972241790444184323466167
160038737
3669740849
1130658553
238503518120161806406314703
4889866261929241
3087186669569960937772393801
3190436507
36889945607724988395632201728738852524976470317931634002203
3562658354951315061138532334655815131811162611535479
3780191308501
459936778657
1206050263224491
57418680899
99163779107
863339858519
6283938949301914623328985149599187
413818458167
339085334801403727007857
5150894315612999
441911623
3197426687233
746223479945693
1626606833214782773195841
399565783
4132658899676380552486278194523611683907
5253885156465879799
419462501
151251656277350375143
4286329802891
