165864626101044727
36120307175753
9772772454840984668059
8944440848667088469951
128222202610374827
35204971236155151311
4973827548631
227307697246169
6446147951
1362322901
27643596529595161
48370466980471484946806147635774599979591
34408013
892051783401239408229899579873
24025609733
28015715909
5782887661511
15866068029777944368693
50031370538856249715800928172618839
5303363262089
41783980951
1894183967705279
8941469759397437
12393778323738087365130311449
80645359
6122791
17118401
24214181
590002219
6973613
84424957
52649099029
8455091386307
2495341
351139853
58521989
171211986306947
33940123103
934611875196041201
101600597811806249873
531666789380525707
4475551
