281421719
110298581317
126397507816417
14029308060317546154181
2044687972231331951
52937186865826867459066543
372409630447
10371096127401440237376133
263835714187
466183501449791
12318573951317236818169524329
55921523591
108681788249129
18768667407080655161690059
652189385899
6054315627747154482613754238870702690752653319
15647063620865630153
42456959519463803
430231943083
8134225522411522637159857
118739714461
70621887863
1170959229488519
2028145198796609
195392513
67486220663458930297
3010282583833930204385343733
8481755291
29847310373
1230782586798994149559007
10811609604036317029608459617
2113832237878903
10087311900565769
29199325283
580031761
26745796837
564918247
29220074326104600084470303028919
9652248997279030164649714099
1381173038633
40338549226555170940068609341713413204338373840666234868192796510105623
1817627997480329869838878504477198936359949334370488270963
2864914972831
229758023927584562777368125832724248866067995638905559798117
486353434961
10038918425429
3395891951
223743895155615633197632468696050077
22534022186749
4914558985169
14094800622775867
7575930727
654311173
1272720289
56209513472614127
71019896107603
221615819414486436153830191
445284277
315890101
90347253581293
424487477765796029756087039069
11476977750950936162921
1995823799
2186532582953
7112503231324441033561552804277
40492295047
107419277099819
61966655909515418717
16652714215517331147353
608535655779770356819
24479734435852506504250073811392144497577307149307564536059202172073
1126926326361139
74651045501
189269185019
235571867
45524178643
8674464300091
12826187316125545309
832658587
1286188826903
5343444176218424676511
