20661046787
279655467323
2400508216016437
323276956729
997102593841463
8864773392907
100328299867693
246591559
68261626361
602217195718679
13355959
35466309157261
9890639849
1672688447
113395681306390254214118762774551
67095683
147355536952087
801794854999495109
20313384187
292572913
25043316503
548094013168951013
555661280873
7177921937
729790780695629
1228682575015186827735257
1981635757466017129
49206585286425540140509
692457751
7820169659127351279518015416599994115792953
7893511239827
20750290110942559143438494775780554745468264596246872818468095570780345940984825403338107
13808924534312384184074077877
41179156986867654187
2821935340942117628822961414223321
1719284989570232794792967425579655905005838052670258598813
983282094869
38716683534457
