10199415869
20834335891
6176763642809
1318374685393
1549709916577
140787680503
1424131136543
541598995601
436999744065129499999522339
1008657224142168957631832069522174813
8488284529
6714775477434204743301241
3589474682977
1111764968248854137159
48750074587
10352573000183
193250586825415842351309458759713
11806349311
65230821947854499854963
6566747441
60261546847
17041328692407729059417
4721768911
890034808577
7259219466675437669
12547183694959238663281
26200932973679
205741616533314460070164829
59468009921711
293825097563279
2158897851191263153
12346042041957821
837084382153
3025988931311
285790223
3121466092249
124219973449088203521017829179263
47696847689
4354488959
50930640961
29539184111
61595468563
506397103
3984012190081463
27424291956130127
117450268009
17466859901
20159840028512882351
813544364089
20839280799896705165263
656336621
45459618628301
352421293858132348489
991555556427129241
83845827992588796814818687633607
795725424750719
1266517211506399
63708383729
6376668589304063
2350338551489
65614907777
3533965541664813954808601214194088447382516178959
111984196801
216877164697570873401915903223676480390307019941178241281
666275299446302846513116787789906058871871
822780675413175857379161394716764897
1587913416280376020549107353987449
617423087
